,Importance
"(0, 0, 0, 1, 0)",0.4228968253968255
"r(7, 6, 0, 2, 0)",0.42134920634920614
"(7, 6, 0, 2, 0)",0.41456349206349197
"r(0, 0, 0, 3, 1)",0.3653968253968254
"(0, -2, 0, 1, 0)",0.2971825396825398
"(0, 2, 0, 0, 0)",0.2971825396825398
"(6, 8, 0, 4, 0)",0.2927777777777776
"(6, 4, 0, 3, 0)",0.2921825396825397
"r(1, 2, 0, 1, 0)",0.2827380952380951
"(1, 0, 0, 2, 0)",0.2721825396825397
"(1, 2, 0, 1, 0)",0.2721825396825397
"(7, 2, 0, 3, 0)",0.2721825396825397
"r(7, 2, 0, 3, 0)",0.2688492063492063
"r(1, 2, 0, 0, 0)",0.26623015873015876
"r(0, -2, 0, 2, 0)",0.2620634920634919
"(2, 2, 0, 1, 0)",0.25789682539682546
"r(1, 0, 0, 2, 0)",0.25384920634920616
"(0, 1, 1, 0, 0)",0.24956349206349193
"r(0, 1, 1, 0, 0)",0.24944444444444458
"(0, 2, 0, 1, 0)",0.2487301587301587
"(8, 8, 0, 3, 0)",0.24777777777777765
"r(0, 0, 0, 1, 0)",0.24123015873015885
"r(6, 8, 0, 4, 0)",0.22956349206349214
"(8, 8, 0, 0, 0)",0.22873015873015867
"(2, 4, 0, 1, 0)",0.22777777777777786
"(6, 4, 0, 1, 0)",0.22718253968253954
"(0, -2, 0, 2, 0)",0.22416666666666663
"r(0, 2, 0, 0, 0)",0.22218253968253965
"(8, 11, 1, 2, 0)",0.2128968253968253
"(9, 8, 0, 2, 0)",0.21166666666666667
"(0, 2, 0, 0, 1)",0.21011904761904776
"(0, 3, 1, 0, 0)",0.204563492063492
"(1, 2, 0, 0, 0)",0.2021825396825394
"(6, 10, 0, 5, 0)",0.1995634920634919
"(3, 6, 0, 1, 0)",0.19678571428571456
"(10, 8, 0, 4, 0)",0.18944444444444453
"(0, -2, 0, 2, 1)",0.18373015873015874
"(50, 50, 50, 50, 50)",0.1795634920634921
"(0, 0, 0, 0, 1)",0.1551190476190476
"(9, 10, 0, 3, 0)",0.15373015873015872
"(5, 8, 0, 0, 0)",0.14027777777777772
"r(9, 8, 0, 2, 0)",0.1323809523809525
"r(8, 8, 0, 0, 0)",0.13063492063492066
"r(10, 8, 0, 4, 0)",0.11527777777777781
"(0, 0, 0, 3, 1)",0.09583333333333321
"r(0, 0, 0, 0, 1)",0.09051587301587283
"r(6, 4, 0, 3, 0)",0.08718253968253964
"r(0, 2, 0, 1, 0)",0.08456349206349212
"r(0, -2, 0, 1, 0)",0.07011904761904764
"r(8, 8, 0, 3, 0)",0.06777777777777771
"r(2, 2, 0, 1, 0)",0.061111111111111116
"r(6, 4, 0, 1, 0)",0.05999999999999983
"r(2, 4, 0, 1, 0)",0.054444444444444295
"r(0, 2, 0, 0, 1)",0.021944444444444544
"r(0, -2, 0, 2, 1)",0.016587301587301484
"r(3, 6, 0, 1, 0)",0.0
"r(9, 10, 0, 3, 0)",0.0
"r(8, 11, 1, 2, 0)",0.0
"r(0, 3, 1, 0, 0)",0.0
"r(5, 8, 0, 0, 0)",0.0
"r(6, 10, 0, 5, 0)",0.0
